   0.546125167771806   0.334968514617392   0.118906317610802
   0.421631463374865   0.405941753232750   0.172426783392385
   0.047336129285382   0.476840065438610   0.475823805276008
   0.513959713765997   0.433348286374415   0.052691999859588
   0.280207485814736   0.316448882763901   0.403343631421363
   0.071948069440861   0.860312615327032   0.067739315232107
   0.196305449205057   0.072781147509797   0.730913403285146
   0.749114275939314   0.068421720253598   0.182464003807088
   0.780501389514522   0.090660510191496   0.128838100293982
   0.478321975107473   0.143502141959196   0.378175882933331
   0.126680867052674   0.308789395162440   0.564529737784886
   0.488247286275782   0.050235177493882   0.461517536230337
   0.382750566358055   0.257013036443094   0.360236397198851
   0.325939895161253   0.583475472404995   0.090584632433752
   0.296171117654402   0.483239610257963   0.220589272087635
   0.052525625647541   0.435711274412782   0.511763099939677
   0.266134559961877   0.676056928210842   0.057808511827281
   0.352514097544352   0.292028238166375   0.355457664289272
   0.564693113693957   0.215164782575309   0.220142103730734
   0.435665477795771   0.306734442622442   0.257600079581787
   0.291321901933387   0.345136675886611   0.363541422180002
   0.112475846503800   0.710329470580156   0.177194682916044
   0.500777476404211   0.323732428087776   0.175490095508013
   0.856280276252419   0.063938687649183   0.079781036098397
   0.253210031338215   0.382049967444320   0.364740001217464
   0.375130806618077   0.178278522012491   0.446590671369432
   0.418535125339417   0.173553162687922   0.407911711972661
   0.146621004697982   0.528957852282778   0.324421143019240
   0.352558154028993   0.346688497853083   0.300753348117924
   0.223009733791614   0.248057168560351   0.528933097648035
   0.344685499332979   0.454663721534053   0.200650779132968
   0.066838246269584   0.140007913580282   0.793153840150135
   0.322537845742013   0.058861045713795   0.618601108544192
   0.063389256812448   0.735641438870834   0.200969304316719
   0.061407211023584   0.248909371115053   0.689683417861362
   0.594646498213083   0.169335922405494   0.236017579381423
   0.662308655461905   0.216973723480985   0.120717621057110
   0.225093464108376   0.484434290312544   0.290472245579080
   0.369865698496932   0.310054712032089   0.320079589470979
   0.102704490934310   0.610371233298456   0.286924275767234
   0.180985614619155   0.304439767983495   0.514574617397350
   0.156771397405523   0.381993987025040   0.461234615569437
   0.529561118392826   0.104785727490541   0.365653154116633
   0.393579891991265   0.328374397206551   0.278045710802185
   0.178468004458227   0.753703846352870   0.067828149188903
   0.267850839346273   0.163867111485469   0.568282049168259
   0.371009721644707   0.573427527733939   0.055562750621353
   0.335088100715147   0.403914980554548   0.260996918730305
   0.576252196855908   0.056861396768261   0.366886406375831
   0.328949183368755   0.330870760643911   0.340180055987333
   0.606616571296012   0.252831408562279   0.140552020141708
   0.532138457478775   0.054106335076062   0.413755207445163
   0.428631491482183   0.237171889512218   0.334196619005599
   0.147787037983833   0.348574669898952   0.503638292117215
   0.055053792864640   0.396730009880157   0.548216197255204
   0.233616905802030   0.444280245628925   0.322102848569045
   0.818740517187688   0.111174822400675   0.070084660411637
   0.185387579637044   0.621252420512378   0.193359999850579
   0.395006094588071   0.100645023204137   0.504348882207792
   0.184402774470684   0.184402774470684   0.631194451058632
   0.385448462418807   0.430345968038146   0.184205569543047
   0.145102914584932   0.570271177414638   0.284625908000430
   0.380193954554309   0.462730346258845   0.157075699186846
   0.482759984645961   0.468428103826190   0.048811911527849
   0.586231306923131   0.353554852811536   0.060213840265333
   0.713413352404656   0.125553715661023   0.161032931934321
   0.349452834528231   0.530839241523794   0.119707923947975
   0.094478011158816   0.569642107947004   0.335879880894180
   0.210972443135768   0.383348758072860   0.405678798791372
   0.213452690473110   0.699170812197717   0.087376497329173
   0.369406464425832   0.215338093295893   0.415255442278275
   0.146814807396548   0.487605901231999   0.365579291371453
   0.506365911720266   0.163507873007618   0.330126215272116
   0.099668638605904   0.489176155538072   0.411155205856024
   0.527949477421186   0.265992114365990   0.206058408212824
   0.188699514990451   0.525952910023345   0.285347574986204
   0.265270762415506   0.205969517054859   0.528759720529635
   0.331356781787879   0.188426629122044   0.480216589090076
   0.336169210451493   0.493553698818626   0.170277090729881
   0.271460229794499   0.629619461387102   0.098920308818399
   0.182912210784298   0.444806948599104   0.372280840616598
   0.482897793676670   0.266704124424980   0.250398081898350
   0.403092186312281   0.215401720622000   0.381506093065719
   0.301302600350263   0.371843467559507   0.326853932090230
   0.444481057882499   0.133366682869450   0.422152259248051
   0.191398206158130   0.345851399457882   0.462750394383987
   0.703318912337823   0.067067239480983   0.229613848181194
   0.452205614844141   0.498717638430993   0.049076746724865
   0.368038526939219   0.058453043452407   0.573508429608374
   0.294519305169761   0.411678019849072   0.293802674981167
   0.054261500606917   0.610395894405287   0.335342604987796
   0.091106911070768   0.657561122379947   0.251331966549285
   0.265976772456937   0.530740143686260   0.203283083856803
   0.346322827917320   0.257183030865666   0.396494141217014
   0.492847389315222   0.364288527226440   0.142864083458338
   0.063303265093726   0.351177904689990   0.585518830216284
   0.322909510596861   0.623443187378997   0.053647302024143
   0.301270153356831   0.532065834210118   0.166664012433051
   0.122247474895678   0.205092410780814   0.672660114323508
   0.239205619319040   0.148407463600003   0.612386917080958
   0.123562134230689   0.128774745591023   0.747663120178289
   0.448058887340012   0.050338348867783   0.501602763792205
   0.140231740322251   0.454434407390444   0.405333852287305
   0.260689398805329   0.259255647371578   0.480054953823093
   0.220174244041104   0.577163633449101   0.202662122509795
   0.682576153923343   0.256821257761003   0.060602588315654
   0.346237663188778   0.110177789911181   0.543584546900041
   0.545842010952292   0.172720509887503   0.281437479160206
   0.389153450412048   0.527576440274355   0.083270109313597
   0.609556128106451   0.121683058578366   0.268760813315182
   0.271623429607495   0.455081786642356   0.273294783750148
   0.064130479286802   0.699389323397355   0.236480197315843
   0.176626098055400   0.265415984737279   0.557957917207321
   0.629973745986939   0.312269586846542   0.057756667166519
   0.406499906137419   0.136394922399830   0.457105171462751
   0.318039605238141   0.297648839416191   0.384311555345668
   0.295520391830467   0.273019342953130   0.431460265216403
   0.403460363354867   0.385761710600498   0.210777926044635
   0.059946659410216   0.815382579975184   0.124670760614600
   0.295476616770293   0.223942731280035   0.480580651949672
   0.071272096189993   0.189830483085517   0.738897420724490
   0.670504221331113   0.167081288746344   0.162414489922543
   0.073351210480800   0.073351210480800   0.853297579038400
   0.423419020827849   0.346409638227316   0.230171340944835
   0.588664755459561   0.300663478570842   0.110671765969597
   0.519061396254315   0.224697801144227   0.256240802601459
   0.127900530065361   0.076681762947873   0.795417706986766
   0.315413692172997   0.441814824780341   0.242771483046663
   0.132959126291676   0.659628124196434   0.207412749511891
   0.654514843647218   0.127598356848310   0.217886799504472
   0.582398782897372   0.239794354316412   0.177806862786216
   0.626704714145920   0.193316343484631   0.179978942369448
   0.102550184840577   0.408083296685762   0.489366518473661
   0.208283139858613   0.124788980900976   0.666927879240411
   0.154296574753008   0.145759963103018   0.699943462143974
   0.052154933161560   0.515958130722861   0.431886936115579
   0.481313192739347   0.216131790709718   0.302555016550935
   0.489750909954612   0.409814150789645   0.100434939255743
   0.251560235527437   0.351479809364531   0.396959955108033
   0.148430629892316   0.242624511825561   0.608944858282123
   0.715644170768622   0.174771596729799   0.109584232501578
   0.551439026828920   0.395929277180452   0.052631695990628
   0.226544220609361   0.633270571444992   0.140185207945647
   0.442504219259833   0.092825511883647   0.464670268856521
   0.216496390053961   0.416080420993257   0.367423188952782
   0.055686820216275   0.654921459153726   0.289391720629999
   0.177517387835475   0.667322508629266   0.155160103535259
   0.130168127581897   0.754785466051476   0.115046406366627
   0.103428458800352   0.526364393254949   0.370207147944700
   0.132389075127109   0.424065165700797   0.443545759172095
   0.328999133425881   0.230938586015703   0.440062280558416
   0.077727696821674   0.766341516957011   0.155930786221315
   0.768518880138945   0.158006646107017   0.073474473754038
   0.334387943840312   0.376447627581525   0.289164428578164
   0.262282848776525   0.409195627569185   0.328521523654290
   0.302490090286309   0.567432135934489   0.130077773779202
   0.199813461846657   0.557127884415124   0.243058653738219
   0.565026384390960   0.117907941527777   0.317065674081263
   0.444798098273722   0.267181058320770   0.288020843405507
   0.155279207629697   0.709363650619759   0.135357141750544
   0.426422697782125   0.480792043987494   0.092785258230381
   0.223198834310981   0.343640386609051   0.433160779079968
   0.147470742537398   0.611061418599949   0.241467838862652
   0.174223157319462   0.410314614724580   0.415462227955958
   0.102068108572155   0.365436634594431   0.532495256833415
   0.116319237695243   0.805065853147737   0.078614909157020
   0.423357368907481   0.443488197947513   0.133154433145005
   0.485209695406780   0.095996729368924   0.418793575224296
   0.461059566300816   0.446855923141218   0.092084510557965
   0.054128574138803   0.559770782596502   0.386100643264694
   0.260222230400719   0.060786138424645   0.678991631174636
   0.304111050473891   0.113540370366280   0.582348579159829
   0.404381175930200   0.282800819864305   0.312818004205495
   0.060394359117225   0.311844350905798   0.627761289976977
   0.090353696625276   0.455125376058735   0.454520927315989
   0.310428703944250   0.163144936480883   0.526426359574867
   0.526936132573864   0.376079855424560   0.096984012001576
   0.659578876165973   0.068834838375994   0.271586285458033
   0.547043498347521   0.292285510126737   0.160670991525742
   0.471773252625194   0.312060768498016   0.216165978876791
   0.362082017707988   0.145043053708209   0.492874928583803
   0.212334622894512   0.209828021881167   0.577837355224321
   0.637093971096515   0.268181387041772   0.094724641861713
   0.256908494155151   0.585383739108260   0.157707766736589
   0.722400044515105   0.211759268321576   0.065840687163319
   0.220916519282792   0.297271541083584   0.481811939633624
   0.246169922976026   0.505703065216380   0.248127011807594
   0.617593781928697   0.063870372207483   0.318535845863820
   0.384537899484237   0.490998733490534   0.124463367025229
   0.096831367645012   0.270336093426237   0.632832538928752
   0.456220321514473   0.404814216651330   0.138965461834197
   0.418250926336404   0.532909352915088   0.048839720748509
   0.409213648768706   0.055100880393008   0.535685470838287
   0.189642914224538   0.479739934641185   0.330617151134277
   0.268236938414779   0.097217597631369   0.634545463953852
   0.251525042132644   0.305142922774913   0.443332035092442
   0.362898529933945   0.411432858307728   0.225668611758326
   0.376906545704474   0.368396564060347   0.254696890235179
   0.453156349121774   0.362957444460729   0.183886206417497
   0.452629112286487   0.191682977717629   0.355687909995885